7.020000
42.350000
54.680000
83.200000
13.350000
20.450000
59.050000
16.940000
58.550000
54.190000
40.250000
98.320000
39.630000
31.160000
45.730000
71.790000
73.660000
84.080000
73.630000
53.600000
66.060000
62.860000
36.200000
72.140000
11.870000
51.480000
55.210000
70.290000
59.150000
76.940000
94.050000
66.170000
19.290000
12.250000
12.890000
96.160000
96.230000
71.940000
13.100000
54.780000
89.650000
53.350000
53.100000
29.290000
84.520000
98.830000
1.080000
21.700000
46.440000
38.230000
38.830000
12.500000
1.090000
38.550000
48.160000
76.490000
53.550000
3.370000
46.780000
12.700000
80.310000
4.350000
42.390000
99.600000
80.120000
18.810000
95.760000
76.350000
54.270000
72.390000
31.130000
43.930000
25.740000
47.750000
73.220000
73.780000
10.110000
37.820000
59.010000
56.550000
76.050000
97.840000
32.570000
40.670000
99.910000
80.730000
17.160000
53.460000
84.110000
27.460000
66.160000
27.940000
31.810000
72.070000
91.070000
75.450000
90.880000
50.350000
51.810000
45.160000
